libs:
- asap7sc7p5t_SIMPLE_RVT_TT_nldm_211120
- asap7sc7p5t_AO_RVT_TT_nldm_211120
- asap7sc7p5t_INVBUF_RVT_TT_nldm_220122
- asap7sc7p5t_OA_RVT_TT_nldm_211120
- asap7sc7p5t_SEQ_RVT_TT_nldm_220123
- manual
port_prefixes:
  input:
  - .A
  - .B
  - .C
  - .D
  - .E
  - .CI
  - .H
  output:
  - .Y
  - .QN
  - .L
  - .SN
  - .CON
external_sp_inputs_spec:
  N1: 0.50202
  N4: 0.50093
  N8: 0.50053
  N11: 0.49751
  N14: 0.49768
  N17: 0.50014
  N21: 0.49918
  N24: 0.49812
  N27: 0.49981
  N30: 0.49721
  N34: 0.50183
  N37: 0.49954
  N40: 0.4994
  N43: 0.50147
  N47: 0.4989
  N50: 0.49949
  N53: 0.49895
  N56: 0.49877
  N60: 0.49839
  N63: 0.49763
  N66: 0.50029
  N69: 0.50144
  N73: 0.50194
  N76: 0.4995
  N79: 0.49739
  N82: 0.50032
  N86: 0.49935
  N89: 0.50182
  N92: 0.49788
  N95: 0.50011
  N99: 0.49992
  N102: 0.49901
  N105: 0.50249
  N108: 0.49973
  N112: 0.4996
  N115: 0.49824
