libs:
- asap7sc7p5t_SIMPLE_RVT_TT_nldm_211120
- asap7sc7p5t_AO_RVT_TT_nldm_211120
- asap7sc7p5t_INVBUF_RVT_TT_nldm_220122
- asap7sc7p5t_OA_RVT_TT_nldm_211120
- asap7sc7p5t_SEQ_RVT_TT_nldm_220123
- manual
port_prefixes:
  input:
  - .A
  - .B
  - .C
  - .D
  - .E
  - .CI
  - .H
  output:
  - .Y
  - .QN
  - .L
  - .SN
  - .CON
external_sp_inputs_spec:
  N1: 0.4975
  N5: 0.50126
  N9: 0.49637
  N13: 0.50118
  N17: 0.49713
  N21: 0.50132
  N25: 0.49733
  N29: 0.49955
  N33: 0.4999
  N37: 0.49968
  N41: 0.50017
  N45: 0.49977
  N49: 0.49847
  N53: 0.49969
  N57: 0.49983
  N61: 0.50065
  N65: 0.49796
  N69: 0.50013
  N73: 0.49961
  N77: 0.50162
  N81: 0.49976
  N85: 0.49813
  N89: 0.4996
  N93: 0.49983
  N97: 0.50172
  N101: 0.49976
  N105: 0.49648
  N109: 0.49701
  N113: 0.50032
  N117: 0.50231
  N121: 0.49997
  N125: 0.49882
  N129: 0.50048
  N130: 0.50014
  N131: 0.49905
  N132: 0.50038
  N133: 0.49992
  N134: 0.50288
  N135: 0.5008
  N136: 0.5
  N137: 0.5
